46 0 67
-2.267316 0.802986
-2.546791 0.451273
-1.074674220392306 -0.26216695102393195
-2.345313 -0.10398417141623882
2.570487 0.6133119999999997
2.7371076571675226 0.7022807551196597
2.336991 0.8334999999999999
2.303647804095728 -0.9649431469282045
-2.289843318344442 -0.9463601674068433
-2.7039286816555577 0.5394687061435917
2.233265 -0.9109110000000002
1.711186 -1.0455270000000003
2.3283199999999997 -0.0514570000000001
-0.8555751959042719 -1.490384840827779
-1.137787232636323 1.4516367796076937
-0.7490943795645275 1.4058092326363234
-1.348211 0.8133060000000001
-0.30084297551196637 1.7702399632679486
-0.1778401836602546 1.671062024488034
1.6555452326363227 -0.9479373510670983
1.323836 -0.7368990000000003
1.2106639999999995 1.3827680000000002
0.8032753918085441 1.407308926535898
0.3499329999999999 1.763868
1.3901759632679482 0.7815986938995746
-0.8481939999999999 -1.1226400000000003
-1.795584 -0.7653709999999997
0.1943681469282045 1.667168816339745
0.7212116449235069 1.4042714979953026
0.07169973063162557 -0.8290311101961532
0.3525627796076935 -1.4242739020478643
-0.40822912244017023 -1.4001770367320514
-0.08413099999999986 -0.8255310000000001
0.8343307551196592 -1.173328232636323
0.8488186938995743 -1.539831902047864
1.224089 -0.04371699999999973
1.1098000734641023 -0.2776674530286294
0.42989380409572714 -0.20747951424871452
0.31306566941153996 -0.7991639999999999
-1.395216 -0.5975080000000004
0.6450076571675233 0.7041775142487147
0.6149983265790641 0.5240784122871832
0.7006580000000001 0.5982239999999999
-0.504338 -0.16152699999999998
-0.32191100000000017 -0.8008869999999998
-1.196277 0.013202999999999765
0 1
0 2
0 3
1 8
1 9
2 39
2 45
3 8
3 26
4 5
4 6
4 7
6 12
6 36
7 10
7 34
8 13
10 11
10 12
11 19
11 34
12 19
13 25
13 26
14 15
14 16
14 17
15 17
15 18
16 43
16 45
17 18
18 32
19 20
20 33
20 36
21 22
21 23
21 24
22 23
22 28
23 27
24 35
24 42
25 31
25 39
26 39
27 28
27 29
28 40
29 38
30 33
30 38
31 44
32 44
33 34
35 36
35 37
37 38
37 41
40 41
40 42
41 42
43 44
43 45
31 32
29 30